long.data <-
structure(list(SUBJ = c(1L, 1L, 1L, 1L, 1L, 1L, 1L, 1L, 1L, 1L,
1L, 1L, 1L, 1L, 1L, 1L, 1L, 1L, 1L, 1L, 1L, 1L, 1L, 1L, 1L, 1L,
1L, 1L, 1L, 1L, 1L, 1L, 1L, 1L, 1L, 1L, 1L, 1L, 1L, 1L, 1L, 1L,
1L, 1L, 1L, 1L, 1L, 1L, 1L, 1L, 1L, 4L, 4L, 4L, 4L, 4L, 4L, 4L,
4L, 4L, 4L, 4L, 4L, 4L, 4L, 4L, 4L, 4L, 4L, 4L, 4L, 4L, 4L, 4L,
4L, 4L, 4L, 4L, 4L, 4L, 4L, 4L, 4L, 4L, 4L, 4L, 4L, 4L, 4L, 4L,
4L, 4L, 4L, 4L, 4L, 4L, 4L, 4L, 4L, 4L, 4L, 4L, 4L, 5L, 5L, 5L,
5L, 5L, 5L, 5L, 5L, 5L, 5L, 5L, 5L, 5L, 5L, 5L, 5L, 5L, 5L, 5L,
5L, 5L, 5L, 5L, 5L, 5L, 5L, 5L, 5L, 5L, 5L, 5L, 5L, 5L, 5L, 5L,
5L, 5L, 5L, 5L, 5L, 5L, 5L, 5L, 5L, 5L, 5L, 5L, 5L, 5L, 5L, 5L,
5L, 7L, 7L, 7L, 7L, 7L, 7L, 7L, 7L, 7L, 7L, 7L, 7L, 7L, 7L, 7L,
7L, 7L, 7L, 7L, 7L, 7L, 7L, 7L, 7L, 7L, 7L, 7L, 7L, 7L, 7L, 7L,
7L, 7L, 7L, 7L, 7L, 7L, 7L, 7L, 7L, 7L, 7L, 7L, 7L, 7L, 7L, 7L,
7L, 7L, 7L, 7L, 7L, 9L, 9L, 9L, 9L, 9L, 9L, 9L, 9L, 9L, 9L, 9L,
9L, 9L, 9L, 9L, 9L, 9L, 9L, 9L, 9L, 9L, 9L, 9L, 9L, 9L, 9L, 9L,
9L, 9L, 9L, 9L, 9L, 9L, 9L, 9L, 9L, 9L, 9L, 9L, 9L, 9L, 9L, 9L,
9L, 9L, 9L, 9L, 9L, 9L, 9L, 9L, 9L, 11L, 11L, 11L, 11L, 11L,
11L, 11L, 11L, 11L, 11L, 11L, 11L, 11L, 11L, 11L, 11L, 11L, 11L,
11L, 11L, 11L, 11L, 11L, 11L, 11L, 11L, 11L, 11L, 11L, 11L, 11L,
11L, 11L, 11L, 11L, 11L, 11L, 11L, 11L, 11L, 11L, 11L, 11L, 11L,
11L, 11L, 11L, 11L, 11L, 11L, 11L, 11L, 14L, 14L, 14L, 14L, 14L,
14L, 14L, 14L, 14L, 14L, 14L, 14L, 14L, 14L, 14L, 14L, 14L, 14L,
14L, 14L, 14L, 14L, 14L, 14L, 14L, 14L, 14L, 14L, 14L, 14L, 14L,
14L, 14L, 14L, 14L, 14L, 14L, 14L, 14L, 14L, 14L, 14L, 14L, 14L,
14L, 14L, 14L, 14L, 14L, 14L, 14L, 14L, 15L, 15L, 15L, 15L, 15L,
15L, 15L, 15L, 15L, 15L, 15L, 15L, 15L, 15L, 15L, 15L, 15L, 15L,
15L, 15L, 15L, 15L, 15L, 15L, 15L, 15L, 15L, 15L, 15L, 15L, 15L,
15L, 15L, 15L, 15L, 15L, 15L, 15L, 15L, 15L, 15L, 15L, 15L, 15L,
15L, 15L, 15L, 15L, 15L, 15L, 15L, 15L), TREATMENT = structure(c(1L,
1L, 1L, 1L, 1L, 1L, 1L, 1L, 1L, 1L, 1L, 1L, 1L, 1L, 1L, 1L, 1L,
1L, 1L, 1L, 1L, 1L, 1L, 1L, 1L, 2L, 2L, 2L, 2L, 2L, 2L, 2L, 2L,
2L, 2L, 2L, 2L, 2L, 2L, 2L, 2L, 2L, 2L, 2L, 2L, 2L, 2L, 2L, 2L,
2L, 2L, 2L, 2L, 2L, 2L, 2L, 2L, 2L, 2L, 2L, 2L, 2L, 2L, 2L, 2L,
2L, 2L, 2L, 2L, 2L, 2L, 2L, 2L, 2L, 2L, 2L, 2L, 1L, 1L, 1L, 1L,
1L, 1L, 1L, 1L, 1L, 1L, 1L, 1L, 1L, 1L, 1L, 1L, 1L, 1L, 1L, 1L,
1L, 1L, 1L, 1L, 1L, 1L, 1L, 1L, 1L, 1L, 1L, 1L, 1L, 1L, 1L, 1L,
1L, 1L, 1L, 1L, 1L, 1L, 1L, 1L, 1L, 1L, 1L, 1L, 1L, 1L, 1L, 1L,
2L, 2L, 2L, 2L, 2L, 2L, 2L, 2L, 2L, 2L, 2L, 2L, 2L, 2L, 2L, 2L,
2L, 2L, 2L, 2L, 2L, 2L, 2L, 2L, 2L, 2L, 1L, 1L, 1L, 1L, 1L, 1L,
1L, 1L, 1L, 1L, 1L, 1L, 1L, 1L, 1L, 1L, 1L, 1L, 1L, 1L, 1L, 1L,
1L, 1L, 1L, 1L, 2L, 2L, 2L, 2L, 2L, 2L, 2L, 2L, 2L, 2L, 2L, 2L,
2L, 2L, 2L, 2L, 2L, 2L, 2L, 2L, 2L, 2L, 2L, 2L, 2L, 2L, 1L, 1L,
1L, 1L, 1L, 1L, 1L, 1L, 1L, 1L, 1L, 1L, 1L, 1L, 1L, 1L, 1L, 1L,
1L, 1L, 1L, 1L, 1L, 1L, 1L, 1L, 2L, 2L, 2L, 2L, 2L, 2L, 2L, 2L,
2L, 2L, 2L, 2L, 2L, 2L, 2L, 2L, 2L, 2L, 2L, 2L, 2L, 2L, 2L, 2L,
2L, 2L, 1L, 1L, 1L, 1L, 1L, 1L, 1L, 1L, 1L, 1L, 1L, 1L, 1L, 1L,
1L, 1L, 1L, 1L, 1L, 1L, 1L, 1L, 1L, 1L, 1L, 1L, 2L, 2L, 2L, 2L,
2L, 2L, 2L, 2L, 2L, 2L, 2L, 2L, 2L, 2L, 2L, 2L, 2L, 2L, 2L, 2L,
2L, 2L, 2L, 2L, 2L, 2L, 2L, 2L, 2L, 2L, 2L, 2L, 2L, 2L, 2L, 2L,
2L, 2L, 2L, 2L, 2L, 2L, 2L, 2L, 2L, 2L, 2L, 2L, 2L, 2L, 2L, 2L,
1L, 1L, 1L, 1L, 1L, 1L, 1L, 1L, 1L, 1L, 1L, 1L, 1L, 1L, 1L, 1L,
1L, 1L, 1L, 1L, 1L, 1L, 1L, 1L, 1L, 1L, 1L, 1L, 1L, 1L, 1L, 1L,
1L, 1L, 1L, 1L, 1L, 1L, 1L, 1L, 1L, 1L, 1L, 1L, 1L, 1L, 1L, 1L,
1L, 1L, 1L, 1L, 2L, 2L, 2L, 2L, 2L, 2L, 2L, 2L, 2L, 2L, 2L, 2L,
2L, 2L, 2L, 2L, 2L, 2L, 2L, 2L, 2L, 2L, 2L, 2L, 2L, 2L), .Label = c("100 \u00B5g Treatment A",
"50 \u00B5g Treatment A"), class = "factor"), DAY_INT = c(1L, 1L,
1L, 1L, 1L, 1L, 1L, 1L, 1L, 4L, 8L, 11L, 15L, 22L, 29L, 29L,
29L, 29L, 29L, 29L, 29L, 29L, 29L, 30L, 36L, 1L, 1L, 1L, 1L,
1L, 1L, 1L, 1L, 1L, 1L, 4L, 8L, 11L, 15L, 22L, 29L, 29L, 29L,
29L, 29L, 29L, 29L, 29L, 29L, 30L, 36L, 1L, 1L, 1L, 1L, 1L, 1L,
1L, 1L, 1L, 1L, 4L, 8L, 11L, 15L, 22L, 29L, 29L, 29L, 29L, 29L,
29L, 29L, 29L, 29L, 30L, 36L, 1L, 1L, 1L, 1L, 1L, 1L, 1L, 1L,
1L, 1L, 4L, 8L, 11L, 15L, 22L, 29L, 29L, 29L, 29L, 29L, 29L,
29L, 29L, 29L, 30L, 36L, 1L, 1L, 1L, 1L, 1L, 1L, 1L, 1L, 1L,
1L, 4L, 8L, 11L, 15L, 22L, 29L, 29L, 29L, 29L, 29L, 29L, 29L,
29L, 29L, 30L, 36L, 1L, 1L, 1L, 1L, 1L, 1L, 1L, 1L, 1L, 1L, 4L,
8L, 11L, 15L, 22L, 29L, 29L, 29L, 29L, 29L, 29L, 29L, 29L, 29L,
30L, 36L, 1L, 1L, 1L, 1L, 1L, 1L, 1L, 1L, 1L, 1L, 4L, 8L, 11L,
15L, 22L, 29L, 29L, 29L, 29L, 29L, 29L, 29L, 29L, 29L, 30L, 36L,
1L, 1L, 1L, 1L, 1L, 1L, 1L, 1L, 1L, 1L, 4L, 8L, 11L, 15L, 22L,
29L, 29L, 29L, 29L, 29L, 29L, 29L, 29L, 29L, 30L, 36L, 1L, 1L,
1L, 1L, 1L, 1L, 1L, 1L, 1L, 1L, 4L, 8L, 11L, 15L, 22L, 29L, 29L,
29L, 29L, 29L, 29L, 29L, 29L, 29L, 30L, 36L, 1L, 1L, 1L, 1L,
1L, 1L, 1L, 1L, 1L, 1L, 4L, 8L, 11L, 15L, 22L, 29L, 29L, 29L,
29L, 29L, 29L, 29L, 29L, 29L, 30L, 36L, 1L, 1L, 1L, 1L, 1L, 1L,
1L, 1L, 1L, 1L, 4L, 8L, 11L, 15L, 22L, 29L, 29L, 29L, 29L, 29L,
29L, 29L, 29L, 29L, 30L, 36L, 1L, 1L, 1L, 1L, 1L, 1L, 1L, 1L,
1L, 1L, 4L, 8L, 11L, 15L, 22L, 29L, 29L, 29L, 29L, 29L, 29L,
29L, 29L, 29L, 30L, 36L, 1L, 1L, 1L, 1L, 1L, 1L, 1L, 1L, 1L,
1L, 4L, 8L, 11L, 15L, 22L, 29L, 29L, 29L, 29L, 29L, 29L, 29L,
29L, 29L, 30L, 36L, 1L, 1L, 1L, 1L, 1L, 1L, 1L, 1L, 1L, 1L, 4L,
8L, 11L, 15L, 22L, 29L, 29L, 29L, 29L, 29L, 29L, 29L, 29L, 29L,
30L, 36L, 1L, 1L, 1L, 1L, 1L, 1L, 1L, 1L, 1L, 1L, 4L, 8L, 11L,
15L, 22L, 29L, 29L, 29L, 29L, 29L, 29L, 29L, 29L, 29L, 30L, 36L,
1L, 1L, 1L, 1L, 1L, 1L, 1L, 1L, 1L, 1L, 4L, 8L, 11L, 15L, 22L,
29L, 29L, 29L, 29L, 29L, 29L, 29L, 29L, 29L, 30L, 36L), A.CONC = c(0,
568, 996, 1020, 968, 864, 848, 660, 353.6, 1972, 1744, 1444,
NA, NA, 624.8, 800.8, 1095.6, 1122, 1064.8, 950.4, 932.8, 726,
388.96, 2169.2, NA, 0, 18.65, 246.5, 306.5, 307.5, 310.5, 441,
395.5, 237.5, 134, 1110, 1405, 297, 197.2, 210, 452, 416, 440,
448, 496, 512, 508, 532, 416, 310.4, 5.36, 0, 178.8, 508, 544,
496, 432, 391.2, 352, 250.8, 117.2, 1244, 1360, 832, 684, 796,
1280, 1432, 1416, 1420, 1580, 1396, 1428, 1392, 972, 772, 5.4,
0, 221.2, 588, 532, 580, 592, 684, 492, 289.6, 134.4, 960, 500,
320.4, 600, 304.8, 488, 548, 636, 660, 660, 908, 760, 700, 508,
218, 0, 0, 382.4, 976, 976, 840, 812, NA, 660, 492, 226.8, 2332,
2744, 2668, 1936, 2752, 1860, 1944, 1856, 2004, 1916, 2200, 2256,
2252, 1860, 1252, 14.96, 0, 62.4, 436, 488, 488, 512, 448, 306,
224.4, 87.2, 225.6, 181.2, 0, 616, 860, 804, 780, 812, 860, 880,
828, 888, 744, 592, 298.8, 3.352, 0, 508, 820, 728, 600, 600,
432, 320, 188.4, 65.6, 1264, 764, 306.8, 792, 856, 512, 500,
492, 488, 580, 572, 592, 484, 315.2, 186.8, 0, 0, 120.4, 242,
300.4, 228, 150.8, 133.6, 100.4, 69.2, 36, 568, 472, 464, 500,
568, 464, 524, 536, 548, 532, 532, 428, 416, 347.6, 220, 2.856,
0, 436, 1092, 1308, 1156, 1236, 1212, 1384, 1008, 668, 1752,
12.56, 1528, 1240, 1464, 3272, 2760, 2920, 2912, 3052, 2600,
2792, 2684, 2284, 1864, 3.048, 0, 88.8, 283.6, 293.6, 250.8,
202.8, 191.2, 175.6, 136.4, 94, 1344, 60, 912, 1308, 1232, 1004,
1036, 936, 1068, 1008, 984, 1032, 872, 828, 876, 13.28, 0, 307.2,
424, 656, 656, 812, 572, 404, 344, 172.4, 1004, 496, 816, 1456,
1568, 122.4, 202, 588, 764, 696, 684, 784, 576, 464, 230.4, 0,
0, 36.12, 297.6, 384, 432, 476, 468, 389.6, 352.4, 153.2, 948,
668, 804, 1216, 1088, 636, 692, 836, 756, 904, 868, 816, 676,
488, 249.2, 3.816, 0, 136, 496, 392, 342.8, 302.8, 242.4, 230,
177.2, 96.4, 764, 1028, 1004, 788, 668, 828, 896, 952, 1000,
1052, 1004, 1180, 992, 928, 608, 10.76, 0, 120.8, 512, 648, 620,
636, 660, 568, 500, 346.4, 1468, 1540, 780, 1140, 1116, 444,
580, 1028, 1236, 1132, 1120, 1228, 932, 756, 704, 5.36, 0, 181.2,
624, 868, 992, 912, 940, 912, 820, 580, 572, 1516, 2340, 1428,
2324, 3920, 3760, 4920, 4160, 3720, 4280, 3728, 3560, 3400, 3084,
68.8, 0, 254, 460, 500, 400, 358, 353.2, 252.8, 202.8, 83.2,
1000, 350.4, 644, 900, 632, 484, 576, 784, 716, 708, 664, 700,
548, 408, 328, 3.656)), .Names = c("SUBJ", "TREATMENT", "DAY_INT",
"A.CONC"), class = "data.frame", row.names = c(NA, -415L))
